{
    "customer_1": {
        "coordinates": {
            "x": 35.0,
            "y": 65.0
        },
        "demand": 10.0,
        "due_time": 50.0,
        "ready_time": 45.0,
        "service_time": 10.0
    },
    "customer_2": {
        "coordinates": {
            "x": 30.0,
            "y": 55.0
        },
        "demand": 30.0,
        "due_time": 80.0,
        "ready_time": 50.0,
        "service_time": 10.0
    },
    "customer_3": {
        "coordinates": {
            "x": 40.0,
            "y": 45.0
        },
        "demand": 10.0,
        "due_time": 20.0,
        "ready_time": 0.0,
        "service_time": 10.0
    },
    "customer_4": {
        "coordinates": {
            "x": 55.0,
            "y": 70.0
        },
        "demand": 20.0,
        "due_time": 100.0,
        "ready_time": 0.0,
        "service_time": 10.0
    },
    "customer_5": {
        "coordinates": {
            "x": 75.0,
            "y": 50.0
        },
        "demand": 10.0,
        "due_time": 70.0,
        "ready_time": 50.0,
        "service_time": 10.0
    },
    "customer_6": {
        "coordinates": {
            "x": 54.0,
            "y": 35.0
        },
        "demand": 20.0,
        "due_time": 20.0,
        "ready_time": 17.0,
        "service_time": 10.0
    },
    "depart": {
        "coordinates": {
            "x": 50.0,
            "y": 50.0
        },
        "demand": 0.0,
        "due_time": 200.0,
        "ready_time": 0.0,
        "service_time": 0.0
    },
    "distance_matrix": [
        [
            0.0,
            21.213203435596427,
            20.615528128088304,
            11.180339887498949,
            20.615528128088304,
            25.0,
            15.524174696260024
        ],
        [
            21.213203435596427,
            0.0,
            11.180339887498949,
            20.615528128088304,
            20.615528128088304,
            42.720018726587654,
            35.510561809129406
        ],
        [
            20.615528128088304,
            11.180339887498949,
            0.0,
            14.142135623730951,
            29.154759474226502,
            45.27692569068709,
            31.240998703626616
        ],
        [
            11.180339887498949,
            20.615528128088304,
            14.142135623730951,
            0.0,
            29.154759474226502,
            35.35533905932738,
            17.204650534085253
        ],
        [
            20.615528128088304,
            20.615528128088304,
            29.154759474226502,
            29.154759474226502,
            0.0,
            28.284271247461902,
            35.014282800023196
        ],
        [
            25.0,
            42.720018726587654,
            45.27692569068709,
            35.35533905932738,
            28.284271247461902,
            0.0,
            25.80697580112788
        ],
        [
            15.524174696260024,
            35.510561809129406,
            31.240998703626616,
            17.204650534085253,
            35.014282800023196,
            25.80697580112788,
            0.0
        ]
    ],
    "instance_name": "toy",
    "max_vehicle_number": 3,
    "vehicle_capacity": 50.0
}